14785172
36944583
51690903
19684547
56943263
24346917
1240037
58492832
4346680
4346680
65876640
84065060
85314052
85314052
26466367
87201568
14127299
56757907
14993786
67613895
45531588
118678965
118678965
79117120
8334250
57508801
4774368
4774368
32131643
32131643
65339290
36307265
30693197
26553137
9295130
9295130
57821302
32910140
36939041
36939041
41193984
122184183
79471553
2409829
2409829
133939150
79567390
58105775
166532421
166532421
36396639
31424448
31424448
49036392
186810040
48273858
120510237
120510237
34384553
60214017
169980485
169980485
169980485
79435228
38950904
167207187
161951272
9979707
70412921
100483794
85556764
85556764
85556764
66373476
8823009
112227837
182783588
68987175
57224916
19069366
232427456
232427456
232427456
232427456
232427456
122741557
122741557
1914040
2082393
169115950
169115950
80463175
81311675
65304725
47921459
47921459
47921459
47921459
85310655
85310655
85310655
73277378
29325308
75787544
73105754
6187141
79083538
34108525
21589612
73227751
88581904
51165225
106437260
29469816
29469816
29469816
85852503
68388549
79555703
92196718
61227903
61227903
61227903
111702038
49918989
62125513
121205922
8470641
8470641
39596604
106589979
106589979
106589979
9884130
55005906
106644180
96947977
85715256
957692
91098828
91098828
34613732
11716919
65949427
160706292
26502366
160100764
56433923
232478393
186616013
47178653
47178653
47178653
14214926
176788232
38801628
66694092
16564619
38343881
56046664
56046664
85857240
85857240
85857240
60529026
60529026
92879236
63454092
107908648
53646203
225533481
36337917
47002936
163866323
163866323
41201920
31386132
31386132
79375128
85340071
36652219
23530184
266413968
170663293
92213994
36666398
36666398
94127410
91870478
68403808
90441127
90441127
58510237
107989085
107989085
3380246
84609829
55035959
122256791
55956900
29754372
57790095
69058954
69058954
34098873
56069418
52837133
121814689
57838150
57838150
60951670
42756019
4404539
4404539
6824030
2158015
2158015
2158015
84085775
29640123
29640123
108131622
108131622
259565
232383313
232383313
109884672
71433896
62174939
59362585
42513682
11000268
79408884
16565
42057298
100941893
110586836
71388189
49345912
2519004
51694687
10043464
85622613
85622613
85622613
85622613
24600806
85314364
68975157
68975157
46765744
112523113
39382131
66589484
87437615
59083415
85392667
100311029
111614127
29714698
7449742
116761944
64005683
31995203
31995203
109322990
131948
41850849
66468662
111665986
32155411
46779207
46779207
5074845
97749233
85792099
108205029
97201005
7387402
51850630
52951839
101752435
101752435
64050447
61601807
52278563
85807457
45432081
46037658
620469
54160474
120719476
78803816
41839540
64935221
101877357
46804375
46804375
69151887
73895167
51695981
27206124
66799875
62700646
79061805
101971613
12307238
64002453
2465493
76323175
86946787
17229636
17229636
64028576
35243485
79035897
13038
107011235
107011235
76439158
113230702
54152830
54152830
54152830
54152830
59083797
110843895
36920990
36920990
47378368
98636170
116627865
66470391
66470391
66470391
66470391
111257538
54147301
19720130
73864945
24597135
9842556
9842556
116796842
106954480
111470216
62099890
62107365
62107365
112519589
109024489
32079702
11129978
59078045
39374901
61639391
61639391
100257330
48925582
70008209
75763491
74693554
114862
114862
91279601
84070729
24006198
91733326
36930035
65093251
72079155
59760050
33834254
59252021
31806442
62399671
80441234
160127414
62397661
44366835
44366835
92714415
47631068
78440703
16220166
84081762
16163981
23699824
43712287
49386184
62819826
12312256
12312256
100298225
93046687
6872927
12347265
60413410
73892699
77985383
85792236
81544322
102450179
102450179
2967042
85487096
29538513
36351079
13825593
34827260
60748231
92160939
51045516
51045516
63444657
60879200
60879200
4386470
4386470
92666091
31513051
40520339
51309255
11051300
25900318
54472984
34918715
382772
85185478
5459099
5459099
253736246
106968334
37822080
20955728
21668406
59150816
11302783
34671606
83503843
106721143
91966365
79319805
95323122
115744074
115744074
38277357
32238977
2264671
111367478
22349626
66682937
42145786
51897497
111642141
91090206
46828378
10004693
10004693
10028457
92787346
78070013
49274741
49274741
164888262
50604981
79554453
94029328
16893121
49595707
64154775
69542738
69542738
24744344
24744344
66477510
64042529
44319964
59374731
17543826
20238323
46301455
24099271
65275667
70328393
109521539
48388722
73937322
171065764
55041395
64533997
90431426
79569859
79569859
93198172
7091488
20928931
20928931
30974387
54673923
68952716
72796145
62628621
114118805
114118805
75083355
75083355
28714395
50290134
49226261
49226261
87473180
94640440
14907441
14907441
27954550
66507449
49430862
24218624
24218624
24218624
60968766
26465869
5616735
31152681
42096336
33792993
2799980
51821378
51821378
51821378
51821378
51821378
51821378
121874337
160261332
73843070
41042893
41042893
41042893
77457484
77457484
150156344
150156344
73441991
35911553
53553972
53553972
58251067
29904992
169211831
169211831
5022663
5022663
10218766
114106293
81883725
77558544
106071386
97119817
51707302
51707302
51685554
104636300
104636300
7611601
113153910
44318934
36922585
71387903
71387903
51747658
27068921
89578936
109785773
109785773
98653009
7524021
7524021
103859257
19728542
110344312
110344312
110344312
39546001
27063583
27063583
27063583
12304119
12304119
12305881
12305881
12305881
85394787
34464524
12309757
105246668
105246668
105246668
41841537
41841537
41841537
78757182
46799598
7386737
97113511
85448856
85448856
27072443
101734435
79037788
109517110
89500102
108916275
7398660
100302103
100302103
100302103
64003044
64003044
32834681
25413300
25413300
44481519
9338566
47315606
47315606
65612407
111621981
113595381
91563143
51722896
79499129
22864242
65097714
35860191
76850861
77558851
41887652
41887652
41887652
41887652
19642833
54804481
16394567
12838924
12838924
12838924
89839813
85368103
84008163
106460732
120627630
61601967
102145075
19154074
38307006
38307006
172654333
85797540
63616843
110370444
115183928
115183928
50079550
50289397
29540754
118190995
66987616
94211225
115386624
86760164
6453366
48716448
90737601
117520846
12315338
12315338
8628348
18557241
18557241
18557241
99044793
2391998
27627288
50413973
37095877
182170499
189883918
37152089
113154147
232942645
232942645
22594111
170268742
13630660
22272708
24637871
34969445
57713887
117817538
16247212
5729749
14993032
118858080
29544646
21633680
21633680
93693327
50116959
6839049
79553313
39461813
102695338
102695338
100513459
12511713
48965762
38070501
61760078
24445652
7387603
121126341
121126341
6046185
26276635
46790891
87785224
103625740
62874169
48047987
98174045
98174045
98174045
98174045
12309215
87939394
29002301
29002301
91211972
5019710
14291251
121855854
42340359
65197822
65197822
76350116
57140210
30876293
79338286
72685051
91337075
67358278
85382594
84489381
22429084
72864736
72864736
72864736
39389573
171384635
33980572
114328115
114328115
51142281
93807518
93807518
120727518
90674010
84979666
87874048
80474776
51190761
51190761
69456181
110605491
100297281
36931544
109038759
79213905
79025225
79025225
66497143
107030448
19126328
15478892
15478892
15478892
92650277
84058407
51713331
98043679
29415434
20621405
21250777
85339307
100239349
100239349
100239349
54346451
35007604
4416237
59130082
87525658
105057728
105057728
49228514
2496581
80459029
80459029
41876714
97709892
97709892
97709892
97709892
111532372
108632734
108632734
18112887
21594872
4167057
72598605
56164105
92661130
15808796
15808796
15808796
15808796
15808796
92621678
71536326
42126333
74956692
65972635
48660707
72622858
65620180
107026829
61798475
57503331
16382104
77169216
168574022
168574022
168574022
168574022
101382728
101382728
91290581
6763802
64373228
2099341
85807555
85807555
85807555
65114654
108802576
73854097
73854097
17273671
171538759
30316611
12454915
12454915
20359514
64135493
2508588
20576
11044086
97487
104816942
86684492
79570552
30263150
88458553
79282162
111047704
36966307
98135526
5455276
38695222
11090554
57038450
68602209
305033319
108568981
79463549
42202447
42202447
16394742
95178340
116850067
116850067
72273620
9850578
9850578
67365108
37419025
37419025
10094371
9255413
9255413
29540426
2843550
92193245
39606931
53904536
46758295
7393665
90712237
9844269
7393743
62846544
94356913
84979632
108798167
108798167
35324058
23633213
109786477
99848788
85778379
69656027
85523763
85523763
34481281
54152946
36930656
73854531
71392362
61315204
1905099
29856643
29856643
11531071
5133749
102313919
51688624
36971667
30746184
64033886
84181241
39385339
39385339
61285539
61285539
61285539
27121919
27121919
49425145
77726533
77726533
74180543
6142619
6142619
76897495
74361958
172979691
45144491
45144491
47136932
35602972
11505002
41229644
69179158
76897647
62867223
49229042
34467427
32020505
29998706
37524968
14241191
15069047
15069047
44579470
14771646
106211583
22146540
56606076
24722037
85645617
91864979
91864979
65284452
79282056
114666394
56766062
91747864
91747864
25817663
91433475
46882555
66803206
21622465
111646557
111646557
40618908
34458306
26132115
111077848
7328393
92733166
66631918
58922968
58949629
58949629
58949629
40874084
73298592
91290114
9424138
9424138
35022411
35022411
7816482
161019290
161019290
89861175
40600975
24601306
29780926
1319057
73228942
193547709
35795327
8656216
79306280
77763485
77787875
54143718
192092389
2109365
9003529
19274912
3723616
93878649
93878649
93878649
79452885
51062195
73854596
29667906
98055813
4535870
114670833
59089526
23049730
80941081
44420349
44420349
1709393
20777299
6973571
62789621
93054017
27062571
39178543
65874776
65874776
31357763
1785723
1785723
64005146
100114026
95230384
36912183
64944922
69985123
27439738
38746699
91496171
67778792
48546938
91397728
93945188
70825345
70825345
85830150
117119984
31999846
71916428
86227797
56815923
71438567
111989334
111989334
104019119
104019119
92134196
81786286
37228976
37228976
17533329
51708910
51708910
52186598
16333143
16333143
18835962
92227135
36291067
14778205
19149829
76330722
85379121
27272552
9797615
14424376
229076480
92896179
92896179
64337028
79187808
58969122
14940613
14940613
79345818
22136999
75687286
84710860
67605714
19676012
78235811
100256465
79257073
56935297
84582957
85943151
67708762
6125407
61597721
68680123
58645215
71389741
78288791
71553587
71553587
17348931
43978835
53621986
73882463
53051251
106594462
114589742
27225198
73120099
71396523
36076381
79125942
78395518
91381747
91381747
102213111
20802687
79327229
32139246
88051032
64044753
38823284
26507858
26507858
10467323
8976995
121183526
96898166
81739294
96813396
6910013
41180257
102913485
79372028
27287382
84285177
108944267
79292739
79292739
13504939
35969353
19265249
9902024
64028217
119264692
34828036
83994214
59750141
45571683
45571683
108664623
92927698
28350580
88519980
54115518
42751530
44300847
74852308
94043501
36073045
52976890
88042404
22947728
22947728
75714156
75714156
75714156
43898930
43898930
72890889
59128005
117709283
22199695
69055692
17228077
35301431
14563373
50644124
10684208
26692156
91270953
164671400
164671400
60697040
92004401
91192985
91192985
79191180
53974588
71394843
26656321
58672536
58672536
79479787
44529753
44529753
58344366
230722189
79482139
36389783
16537658
66468823
66468823
31408182
44674488
16016663
11853565
101388497
24920492
29529286
25153526
96712604
42524390
66225185
86875636
11024961
29558386
29558386
171240
3671447
3671447
3671447
113891129
113891129
113891129
44538574
44538574
85932912
110546896
110546896
57066661
2471835
34453955
100235370
27994903
85752130
100259983
76677298
64817739
11697607
58432848
64930200
66473514
66468765
66468765
35722395
35722395
11695383
11695383
88393691
63507659
79313171
54186288
76319269
8905586
79026940
2546475
44506053
66778591
107027625
108898602
33205982
77719236
5453339
74148875
92541315
63473922
79318180
39429221
84557791
22226089
22226089
44369002
121005633
76330590
64133827
110945919
50789852
108046425
116539119
166763148
22446872
61680324
18371627
29541876
172166889
17343818
17343818
44524499
30868270
2057676
232125692
17143061
17143061
9866356
105940178
37030532
37030532
37030532
24210313
31504012
172046100
70868331
2329421
38614251
38614251
30328057
2306898
56609248
56609248
46759609
44829545
16658463
115347872
108691325
73859015
92714922
39601304
30243920
48638923
957296
121884197
98313281
36944646
10985136
53550357
33278380
35863615
35863615
85447687
14845588
86348284
38159288
38159288
85569873
11879749
11879749
97745717
18911245
78210715
51224714
34641588
64013927
100327936
100327936
62084358
20492795
90720389
32105209
118371730
118371730
118371730
31355000
31355000
50615581
74937068
22349537
19269599
19269599
60991395
92094630
71050944
37752549
62159130
102871292
61638017
37036418
1970158
54459458
107361024
100215361
38768207
46733274
109932076
40238499
79130431
3414403
3414403
1550059
36277748
6743491
82631493
34826248
16670878
87023897
55807358
62776395
62776395
14978699
79315300
79315300
70838893
36432279
159902584
76420302
116760521
22426094
68080791
60485794
60485794
94422067
73983420
31387250
56656831
116593159
3097934
162310213
43084476
43084476
101567140
8654725
79568591
121926145
2471959
39409100
72204221
72204221
72204221
72204221
114061775
34495933
14769315
27515600
93516342
120612973
54995093
78854243
73352440
43948092
166650623
19150743
64385851
71388952
71388952
109963533
51685890
51685890
121640202
65283845
2473758
2473758
2473758
17229847
22144877
12632978
2605718
54154426
17220001
17220001
77709000
16270481
16270481
14767719
2579508
81055793
97006424
9841446
27068555
29526072
9880305
27062769
76316789
50017706
44305889
71608936
44296334
46758932
71398958
104718798
46804637
120727980
17744847
2579928
22176198
24608302
59089266
14767483
7524679
9849196
9849196
42509500
19689601
2502254
95173526
24602763
102274498
24745145
101477248
101477248
58345438
45789800
22272314
118019853
118019853
118019853
87579835
22419968
23057040
69155234
109959949
79559966
79559966
51741983
22277676
108310544
51692186
102152576
102152576
46934469
37814625
76356050
65372545
54362733
16815019
166023093
87500391
14954295
30349143
85366831
85366831
85366831
85366831
79097759
2721762
66484688
56899890
28624824
97909488
86899346
12426914
89818300
84508078
84508078
74640374
232649672
40164873
40164873
41847945
79535836
61670375
31358878
14907129
69609975
29540305
29540305
29540305
29540305
100960913
85394550
85494695
30260343
120202957
85465441
41851486
84024266
84024266
100161330
16787448
98682359
98682359
43687588
43687588
79188292
3370535
33666343
33666343
51511570
26553205
79316317
47706211
100846784
79179312
51904447
66635574
56822917
102205697
102205697
100304282
100304282
102371438
250481644
42076853
24774519
179334928
85863275
85863275
85863275
47605717
89861894
62560989
85466377
107015556
37015967
39541236
36178751
36178751
108497462
9845559
87445889
104659814
265133604
85034017
7552765
79541026
39395847
110237124
36012237
36012237
79204003
31582032
42007956
46892548
47823214
93082065
102415070
85944119
60815480
34557524
34557524
92904979
90724346
32121612
32121612
44301126
107535840
8576941
8576941
66573793
41432899
54672413
46925253
97623806
120235060
61565157
54311783
24613052
27267656
27267656
92752529
66474442
51825860
74049815
12469084
12469084
12469084
85530906
85530906
119702210
20927701
9858396
112446154
112446154
79530071
71090727
23283378
60874104
30710526
100997014
23808706
21514181
41196860
85926679
34701663
23867407
57751958
98258737
79192141
102771188
102771188
56731721
76057081
76057081
9981297
43409080
43409080
12556841
8212381
73089478
85683103
85393912
63428678
75388184
47551590
32309016
32309016
77224020
36291235
85841451
41229323
56392239
21521264
112187557
39614131
9136382
4522212
4522212
17435471
29512131
29512131
29512131
238968
31569135
59793000
67093425
71455328
79558451
22276968
46772097
117763850
117373845
117373845
162194895
92123497
48209804
96781923
21689913
100310295
38141829
38141829
46974275
46974275
68156120
54124385
150638554
150638554
31743596
69768921
48776946
86154774
14792959
34460537
96949470
96949470
16672580
119498199
71156283
55066969
79446858
38842308
73307784
15972535
51707360
88383228
46232674
27401594
94441958
20914424
79471240
23987521
33781452
21919704
71593618
71593618
11885599
46505970
102597108
21448567
68157882
28992434
232782506
232782506
232782506
86005952
77838891
77838891
40050154
34581249
228604752
228604752
228604752
38788914
67523322
65948475
103858307
102429602
100361773
33446227
80617407
9190584
51139675
134474597
14244108
93948252
164328070
164328070
282931775
57412439
15905208
114765348
146191558
6899545
86239013
162693771
4509124
41634665
121264036
116219223
19161089
91299632
5112971
21453807
73289574
46232674
37018058
75515975
38482140
61642660
67528273
608865
608865
120439079
76014766
13701932
95571243
111450876
267806104
120489746
164294665
10717758
46944506
35879931
35879931
35879931
70171764
22319692
63421934
16426116
59326092
114075739
85299003
18933380
73503137
107625938
107625938
31821598
34761350
23835484
19718607
87528137
110880758
61553881
72055334
34695683
119320611
79110095
293131372
293131372
78358208
42044546
85341375
95797331
53332604
31590256
162951545
36919685
36919685
179159647
18541622
227969169
56605956
62070456
32031246
44299904
68926297
68926297
69737603
73974334
62080102
109373898
109373898
49233219
66716936
168878626
168878626
76393464
106446298
53837588
53837588
53837588
53986089
85927658
85927658
43658035
111908736
59155811
85495122
79601282
84050401
58871771
7000963
7000963
59374346
100153076
85495167
39385373
97888651
12342704
59266210
59266210
56826697
56826697
69806676
79075393
70780141
70780141
70780141
70780141
3635217
159988902
159988902
56745216
85313765
166463632
85833020
101089301
101072562
91661871
19705438
59311376
16002918
18673944
57543887
57543887
58812050
85594239
85594239
46922854
32098466
62745936
19887975
49459154
75859266
75859266
75859266
75859266
79545011
99034801
99034801
2550369
27914763
24815905
76594096
76594096
108737730
91302737
34605975
48584516
85539103
43258742
10014828
10014828
10014828
31355796
938046
32179704
63596536
50143795
79467261
7510274
4519562
4519562
15009937
15009937
72990197
72568906
72568906
85472074
115481708
24776823
97717185
79180403
71403327
11795513
11795513
92191211
46771767
97795235
46239152
80815571
118285465
58228448
22146810
15144856
79566460
54839729
85359279
85359279
85359279
91525359
54009527
86916727
78213045
69090107
170776717
170776717
170776717
170776717
109491991
85444448
10765083
10765083
68930206
57912804
57912804
57912804
57912804
108416567
18650040
66465191
7907407
22468353
61540821
61540821
105150576
85937067
56283888
115049141
115049141
24346836
9006255
46363035
19085389
51107982
305410811
18894827
119026289
67331764
71721414
75685783
171043583
48630698
103168327
92241870
55015083
34535824
34535824
100296319
120547122
120547122
61081460
19522660
119639826
36202944
36202944
106765108
100386922
19925894
47089142
118493759
93026927
85815968
94857232
34688144
9251090
54441441
79211592
79211592
48061525
7533227
166260904
111843547
76391491
22170692
15479878
115763655
163573952
3293827
61553852
84170355
57670181
73868896
61552226
41907871
36159330
36159330
84509064
56338469
85909752
98257504
265985
265985
100656314
36320641
44300211
28452353
29680155
95296255
118825443
73520345
268591582
137448631
5225787
171062791
171062791
250645238
38250397
24221613
29354111
11452411
11452411
43520433
114233784
114233784
92796712
92796712
92796712
92796712
77929683
79470130
79470130
84114568
85866069
9850005
85539600
76313814
41880387
44542867
120617435
120617435
73126950
73126950
32204903
33242051
93744024
70845608
92509417
25272871
48443164
76615898
76615898
95164668
91361912
113891776
61167418
61167418
85539119
43045881
245973092
92334039
92334039
92334039
33694368
37815808
37815808
62658535
86983699
56070074
74395903
58674526
54525752
12639391
19853762
79159892
79159892
116542864
93811704
92773806
121258408
121258408
85323406
60321867
60321867
1705085
64209108
37122478
59131317
31207
76380613
165526598
76456606
69107206
66590377
28003300
98392632
98392632
79528999
56608054
5100940
27273094
24601518
27182947
114891447
114891447
100880163
100880163
19680365
69145969
111612948
80169724
84944859
76462000
35728417
39378467
39378467
27090921
27090921
27090921
79487364
4961254
47888668
47888668
47888668
47888668
76434677
59083671
87437071
85467356
59219639
62431922
94794057
94794057
34885948
79452695
39520379
39520379
79368748
76450949
51007913
121561792
84060339
35645591
35645591
76528570
8196901
8196901
8196901
19745715
71513833
71513833
85327702
75404149
97615503
97615503
14061281
116778442
116778442
84950713
76432329
9869643
9869643
67854432
36976332
73860475
19698456
112374441
73873498
84639025
113865419
54778395
30326062
30326062
116834060
116834060
109386240
8719184
22178414
102011400
95338414
113386374
61572913
85313207
88044540
88044540
100269675
22421926
98681641
69050355
44348642
56983366
75716982
75716982
75716982
75716982
107404192
106639269
120561041
59472733
13364054
59415373
59415373
240762
5616630
79181933
9956314
285802
70345254
70345254
70345254
110787061
6821559
78836318
66573370
60875671
6332373
6332373
51908743
116274563
69661463
11515553
112052206
21498356
69133114
71395925
26849263
8499147
214458106
214458106
74661637
74661637
76339491
14483022
92540469
45476206
45476206
31570139
31570139
67895597
269345889
1791157
56817108
32832857
79248744
64399997
258936154
111356669
28920263
28920263
79496178
40670694
15296984
64843885
33791639
115183900
39944870
32010539
89021272
11088595
48996171
53000410
19082534
59402401
63794655
39918610
39918610
75305612
27269346
165625001
165625001
74413437
21640804
2625803
36920167
36920167
69121416
67053831
7398137
79206029
169041096
116375224
116375224
96782698
96782698
96782698
66843701
40276660
31997923
31997923
100334986
42717391
83992707
126258545
126258545
11558373
68971889
76448216
93267827
52544885
111510369
33946768
51687594
76309790
56124915
100955140
100955140
31958242
31958242
118726424
6511061
61588945
79183308
8967165
8967165
20483714
66547172
76488617
11878856
86666776
85137676
79022450
101086129
30423716
54196055
11832868
36164752
46196287
79459158
50843310
202838864
71209675
29639742
58536529
97858346
120788009
47896875
85310170
120467174
39400880
29265588
9849901
160180179
45794522
45794522
102907145
102907145
93028343
103645685
35776865
32819247
77404454
29544944
29544944
4005929
93977752
4102994
46341683
121278752
167568568
167568568
167568568
160629702
160629702
45571146
66422543
1918723
5209749
91622214
228413926
228413926
56385313
103666874
32795626
65672561
65672561
65672561
65672561
