12605550
85556764
85310655
9884130
106644180
47178653
56046664
84085775
7449742
131948
52951839
101752435
120719476
35243485
54152830
116796842
39374901
114862
65093251
47631068
5459099
83503843
42145786
10004693
10028457
49274741
79554453
54673923
49226261
41042893
81883725
71387903
110344312
105246668
64003044
41887652
12838924
48716448
12315338
37095877
182170499
29544646
6046185
98174045
15478892
29415434
100239349
108632734
92621678
12304254
101382728
85807555
30263150
29540426
46758295
11531071
61285539
91747864
25817663
36912183
37228976
14778205
59128005
164671400
25153526
29558386
110546896
100259983
11695383
84557791
30243920
35863615
19269599
107361024
87023897
43084476
72204221
166650623
71388952
44339717
16270481
61545697
68935985
51690903
32131643
60214017
70008209
36930035
21668406
24744344
59374731
24218624
64003044
12838924
115183928
34969445
76350116
21594872
64373228
7393665
45144491
56935297
43898930
58672536
35722395
39429221
100327936
60991395
71388952
16270481
9880305
24608302
41847945
41851486
98682359
100304282
107015556
87445889
110237124
42007956
85530906
20927701
41196860
77224020
39614131
17435471
29512131
46772097
48209804
96949470
79471240
86005952
77838891
100361773
9190584
116219223
67528273
608865
34761350
85313765
59311376
75859266
10014828
938046
85472074
85359279
61540821
85937067
115049141
19522660
54441441
79211592
22170692
36159330
120617435
61167418
12639391
24601518
27182947
84944859
76462000
27090921
59219639
19745715
36976332
30326062
85313207
21498356
31997923
76448216
79022450
29639742
9849901
77404454
4346680
118678965
4774368
9295130
36939041
2409829
79567390
120510237
169980485
85556764
66373476
232427456
122741557
47921459
61227903
8470641
106589979
91098828
91098828
85857240
31386132
36652219
2158015
29640123
232383313
85622613
29714698
32155411
17229636
64028576
107011235
54152830
36920990
66470391
66470391
32079702
61639391
43712287
12312256
93046687
4386470
40520339
79319805
2264671
16893121
64042529
20238323
75083355
49430862
169211831
36922585
12305881
105246668
41841537
100302103
41887652
19154074
115183928
18557241
232942645
102695338
100513459
121126341
26276635
72864736
93807518
15808796
168574022
86684492
111047704
42202447
116850067
9255413
69656027
85523763
29856643
61285539
161019290
77763485
4535870
27062571
36932939
111989334
11853565
86875636
66468765
1550059
82631493
2471959
17229847
27068555
120727980
9849196
232782506
111908736
85594239
10014828
15009937
109491991
57912804
24346836
94857232
60321867
37122478
114891447
79368748
70345254
45476206
126258545
91864979
91747864
58949629
9424138
40600975
65874776
70825345
111989334
37228976
51708910
43978835
59750141
88519980
36073045
22947728
75714156
43898930
91192985
66468823
113891129
22226089
17343818
17143061
37030532
62776395
79315300
101567140
51685890
2473758
102274498
101477248
118019853
102152576
85366831
43687588
179334928
39395847
36012237
34557524
32121612
12469084
57751958
75388184
36291235
56392239
21521264
4522212
117373845
100310295
38141829
54124385
71593618
228604752
103858307
107625938
293131372
36919685
168878626
53837588
85927658
7000963
39385373
70780141
3635217
159988902
56745216
19887975
49459154
79545011
85539103
50143795
4519562
170776717
9006255
120547122
163573952
114233784
92796712
245973092
92334039
37815808
121258408
98392632
39520379
8196901
71513833
116778442
73860475
75716982
120561041
59415373
285802
70345254
6332373
214458106
45476206
115183900
53000410
39918610
74413437
96782698
126258545
56943263
41193984
133939150
34384553
9979707
100483794
57224916
73105754
68388549
92196718
65949427
26502366
47178653
176788232
38343881
60529026
41201920
79375128
85340071
69058954
108131622
109884672
79408884
68975157
46037658
27206124
79061805
48925582
72079155
62399671
49386184
34827260
51045516
37822080
59150816
11302783
91090206
46828378
50604981
49595707
69542738
73937322
7091488
72796145
27954550
31152681
42096336
121874337
73843070
5022663
10218766
77558544
98653009
16394567
172654333
2391998
39461813
87785224
14291251
30876293
51142281
79213905
87525658
15808796
71536326
57503331
168574022
6763802
30316611
20359514
79570552
36966307
57038450
108568981
95178340
67365108
7393743
74180543
73298592
24601306
93878649
73854596
44420349
1709393
27439738
67778792
48546938
93945188
51708910
92896179
71553587
91381747
79372028
79292739
79482139
16537658
44674488
2471835
27994903
85752130
5453339
116539119
61680324
48638923
121884197
98313281
86348284
38159288
78210715
34641588
74937068
92094630
6743491
16670878
60485794
56656831
162310213
50017706
71608936
16815019
61670375
56822917
71090727
30710526
23808706
76057081
21689913
51707360
33781452
40050154
33446227
162693771
38482140
100955140
54196055
102907145
65672561
19684547
24346917
4346680
26466367
14127299
8334250
4774368
9295130
57821302
36939041
2409829
31424448
186810040
48273858
120510237
169980485
38950904
167207187
182783588
232427456
232427456
85310655
73277378
29325308
6187141
73227751
51165225
106437260
29469816
39596604
106589979
55005906
102450179
34671606
17238246
41042893
98174045
65197822
15478892
108632734
77726533
31999846
50644124
7552765
27267656
117763850
111450876
63421934
162951545
109373898
53986089
56826697
70780141
159988902
19705438
57543887
75859266
76594096
11795513
78213045
57912804
18894827
19925894
111843547
115763655
36159330
73126950
93744024
54525752
1705085
39378467
97615503
76432329
67854432
107404192
79248744
27269346
116375224
83992707
118726424
20483714
76488617
79459158
71209675
47896875
29265588
45794522
29544944
4102994
65672561
160100764
232478393
186616013
47178653
38801628
60529026
163866323
266413968
170663293
36666398
90441127
107989085
84609829
122256791
57838150
2158015
29640123
108131622
232383313
62174939
42057298
85314364
100311029
116761944
31995203
111665986
46779207
85792099
61601807
45432081
2465493
76323175
86946787
17229636
107011235
54152830
59083797
110843895
36920990
116627865
66470391
111257538
19720130
9842556
106954480
111470216
62107365
59078045
61639391
91733326
59760050
31806442
160127414
62819826
6872927
85792236
2967042
13825593
60879200
31513051
51309255
54472984
34918715
5459099
253736246
20955728
91966365
115744074
111642141
164888262
94029328
69542738
17543826
55041395
93198172
75083355
50290134
24218624
51821378
77457484
150156344
73441991
51707302
51685554
104636300
7611601
71387903
51747658
109785773
19728542
27063583
12304119
12305881
12309757
101734435
79037788
7398660
100302103
47315606
91563143
65097714
35860191
76850861
19642833
85368103
106460732
63616843
6453366
18557241
99044793
189883918
232942645
170268742
6839049
102695338
12511713
87939394
121855854
72864736
171384635
114328115
69456181
109038759
79025225
85339307
35007604
97709892
16382104
168574022
85807555
65114654
73854097
12454915
64135493
11090554
305033319
116850067
37419025
9255413
2843550
92193245
9844269
62846544
35324058
85523763
36930656
1905099
29856643
30746184
64033886
39385339
27121919
6142619
76897495
172979691
15069047
111646557
40618908
58949629
35022411
35795327
79306280
77787875
192092389
2109365
19274912
65874776
92134196
16333143
85379121
58969122
14940613
19676012
85943151
73882463
53051251
73120099
102213111
38823284
26507858
8976995
6910013
35969353
19265249
45571683
54115518
94043501
22947728
72890889
60697040
91192985
26656321
58672536
44529753
230722189
101388497
29529286
3671447
113891129
8905586
44506053
107027625
74148875
22226089
64133827
50789852
29541876
17343818
17143061
37030532
70868331
56609248
16658463
35863615
11879749
100327936
32105209
118371730
19269599
1970158
79130431
3414403
159902584
116760521
68080791
60485794
8654725
121926145
73352440
43948092
109963533
12632978
77709000
81055793
44296334
71398958
104718798
59089266
101477248
58345438
87579835
109959949
79559966
22277676
37814625
65372545
85366831
2721762
29540305
43687588
33666343
100846784
79179312
51904447
66635574
24774519
47605717
85466377
104659814
36012237
31582032
47823214
102415070
32121612
8576941
54672413
24613052
74049815
12469084
79530071
85926679
34701663
102771188
76057081
43409080
73089478
85683103
32309016
4522212
38141829
46974275
68156120
150638554
86154774
38842308
73307784
71593618
11885599
282931775
75515975
120439079
267806104
120489746
35879931
107625938
19718607
72055334
293131372
78358208
36919685
68926297
69737603
49233219
53837588
7000963
85495167
59266210
70780141
2550369
43258742
32179704
72568906
115481708
11795513
92191211
97795235
58228448
22146810
54839729
85359279
91525359
54009527
86916727
18650040
7907407
22468353
120547122
61081460
36202944
106765108
79211592
166260904
61553852
84170355
118825443
73520345
250645238
29354111
11452411
114233784
92796712
85866069
92509417
92334039
37815808
79159892
121258408
64209108
98392632
100880163
80169724
47888668
59083671
62431922
94794057
34885948
35645591
8196901
71513833
14061281
84950713
84639025
116834060
102011400
95338414
100269675
22421926
75716982
59415373
240762
70345254
6821559
11515553
214458106
74661637
14483022
92540469
31570139
56817108
28920263
15296984
36920167
67053831
169041096
96782698
11558373
111510369
51687594
31958242
61588945
8967165
56757907
118678965
16650032
112227837
68987175
169115950
47921459
85310655
79555703
61227903
160706292
56046664
85857240
163866323
31386132
92213994
85622613
46779207
54160474
44366835
12312256
77985383
4386470
4386470
115744074
10004693
49274741
24744344
64533997
28714395
66507449
26465869
51821378
41042893
110344312
12305881
25413300
44481519
47315606
41887652
54804481
12838924
50289397
118190995
57713887
117817538
117817538
42340359
100297281
100239349
15808796
73854097
108798167
61285539
35602972
49229042
91864979
111646557
92733166
58949629
40874084
35022411
161019290
54143718
9003529
23971770
6973571
111989334
16333143
14940613
75687286
71396523
83994214
22199695
67696530
84211496
38159288
61638017
38768207
8212381
36320641
171062791
73126950
36164752
50843310
58536529
160180179
45794522
102907145
167568568
32795626
65672561
232427456
85622613
44366835
110344312
71394843
110546896
63507659
33205982
9866356
2329421
118371730
31355000
109932076
3414403
14767719
9849196
102152576
85366831
79535836
16787448
98682359
33666343
100304282
102371438
85863275
92904979
12469084
85530906
43409080
29512131
96781923
69768921
48776946
96949470
77838891
608865
23835484
68926297
109373898
76393464
106446298
59266210
75859266
99034801
10014828
15009937
170776717
61540821
19085389
103168327
36202944
7533227
92796712
9850005
41880387
61167418
92334039
19853762
114891447
39378467
27090921
94794057
30326062
116834060
113386374
9956314
66573370
69133114
8499147
74661637
11088595
39918610
31958242
93977752
2082393
169115950
29469816
85622613
74693554
150156344
5022663
85448856
98174045
15808796
101382728
12454915
6142619
93878649
3671447
76677298
31355000
94422067
72204221
17220001
9841446
22176198
29540305
85863275
85841451
112187557
35879931
57543887
75859266
99034801
76594096
76615898
56608054
76450949
36920167
70825345
39520379
14785172
26452773
17358913
88115627
121650448
59086729
44294455
10637190
22264798
54179906
56717951
110851354
90396575
117077448
11302783
85595741
14773612
54155571
19755431
89765815
114135403
61553765
14765267
32018507
4944563
160561866
79070415
62738446
59098473
64312891
111131361
36959504
61554892
14800029
19352048
117962899
62645128
100880163
51752815
30883470
15106186
105573360
16256819
34499373
31565575
41847540
22199695
113532967
7421908
34459928
109634408
2465710
114227725
56822739
174964477
80662202
28952736
65382197
39408145
12429524
52634222
33446227
27093775
109191060
51701595
90726331
116585775
27186753
24346917
79570974
95358916
40441924
49247256
70025016
24169404
24730724
29108576
32125710
79443094
49387812
48123519
17907411
19676286
57508801
86706356
6786135
22150341
40639941
9858982
79567390
70782700
79382528
101875765
6970600
23686965
69056037
79502852
10776133
32019691
38950904
68538094
79482248
78230598
29469816
51202542
11716919
102166618
52867784
88400530
65322759
4404539
79515447
92503094
36502240
62397661
59447722
93440601
70211203
49237243
61111048
68198134
12312256
93046687
13922
79038029
102450179
14895848
11051300
56629425
75841796
93946712
33061806
79319805
66478330
1438134
61614720
84054478
16893121
20238323
48388722
284299789
64533997
84363686
76648908
72796145
28714395
96796377
85592286
19684988
9858543
65549336
11432755
121874337
3050536
53553972
79275979
27068921
27063583
78757182
36923153
19492634
16394567
2073379
18580811
92282067
120633348
41372196
73443598
37045845
50545493
25407334
32126353
79072021
64012137
72204221
54995093
61584911
98666826
47452939
77516039
66497136
75685783
111843547
64021002
54947545
27061960
100885199
49324121
233262
47704297
71500675
70235765
51687594
61588945
52624872
59113424
36425263
46341683
2465710
232427456
9842556
102450179
93946712
48388722
110461418
53245003
1488593
76498467
6119184
79059511
44333482
101635080
111623724
103446372
24602168
79277336
15808796
74956692
34079533
9408092
120736751
75094739
5051471
79278384
72316411
79326275
111047704
43817770
48078448
36317790
77858132
67978914
50559448
22277719
48772473
122003912
39275077
148532241
63761160
58878968
9847926
120709155
36457479
161019290
50559986
104608173
16729761
92393448
4535870
23049730
44420349
106901005
5658508
63276394
77623682
79311692
51215145
30906684
90779697
78288791
77456312
91983409
13782391
84053093
43502674
26226922
9967425
59750141
84183990
93612308
79439830
44424048
6973559
71394843
34336299
44309805
283935074
79027249
71995155
38947257
51282224
109422289
11853565
39375364
66468765
79365905
33205982
84557791
19958983
111333542
71000865
34477234
84211496
80394179
78289186
85016643
6954850
38159288
3870217
39671744
5522216
41411147
1550059
36277748
82631493
54271701
84953996
39557956
56865236
79361014
21709801
79021643
75339987
54432596
58639562
79369216
10431008
77980390
49248690
7513855
22143943
76445430
76323152
19253899
56024739
84059655
85016691
43186495
24176113
68897852
41973531
85446082
38959107
170967925
9047533
4499711
24222347
2471959
73021106
68456823
71388952
17229847
17220001
59204544
41838873
102333412
2829540
22176198
41851486
29759778
3370535
67332444
37746077
4522212
22276968
68156120
84070169
63423140
56586535
87370050
116671706
91422431
120727778
84050401
17344060
5170327
166463632
90787475
33879590
22146810
86916727
101797596
19085389
21714483
22146207
2499403
43803233
75584111
31765
48630698
38979283
94813895
76564883
43894811
73987886
169186176
87183690
44430151
84628314
54383511
18289518
7511740
60575941
94857232
46864602
31433167
100656314
19206602
92809151
49256072
115207353
46465667
10008062
68894581
186783253
6882078
51933858
40992542
58674526
84087551
63397726
100961277
39520379
79370096
19698456
102262680
98539173
66471666
64343641
78401766
31570139
269345889
1791157
35187156
62078761
85619726
43444886
102897979
2625803
64256785
1986531
80241119
69538483
15289952
7412442
44325679
90488809
15495383
20239111
36492488
25513387
59167313
61677591
6542390
17343915
24605067
60447935
64023724
103666874
95358916
26466367
87201568
3392090
79549905
161951272
65304725
75787544
73105754
101945097
92196718
111702038
111702038
106589979
17358913
79569465
23530184
91951766
25399703
6824030
2158015
259565
29984243
100941893
51694687
68975157
112523113
59083415
54155795
46804375
79061805
47087439
54152830
66470391
62107365
72079155
62399671
62397661
30941302
42355142
59447722
34220417
56717951
49386184
118853491
6960884
4261737
76859889
66581005
94025275
51897497
114056777
20200604
12482055
65275667
9219619
17238246
20928931
72796145
62628621
42100901
27954550
26465869
169211831
5022663
27063583
14775269
113978172
108916275
16394567
72954210
6899022
50079550
115553031
74057480
112413748
55057278
2672803
87785224
98174045
12309215
84489381
33980572
72550403
87874048
46809859
15808796
87451615
91290581
24615851
57038450
108568981
95178340
33377413
7393743
11531071
76433064
39385339
92069836
94642227
32165585
111352342
7328393
66631918
55426770
74918686
110920531
73298592
93878649
73854596
56828971
95230384
67778792
14197902
93945188
34529541
84601597
50391566
9847011
68204956
8723589
93986181
20573799
113557653
27062753
48303303
64044753
64028217
83994214
66708688
75714156
54177102
232971937
117709283
164671400
92004401
79373901
55330236
86875636
113891129
67696530
100235370
27994903
79156172
63507659
76319269
2593883
61680324
49795157
115347872
54460624
38159288
11780856
32126353
74937068
12732339
16670878
9973137
70838893
59242046
15238
94114067
72204221
34495933
51685890
2473758
59079038
211452326
71608936
73862853
57782677
54362733
87500391
79188292
110237124
45222212
34557524
80525953
32015676
114002179
112446154
2156194
21514181
66502419
74583551
20913846
117763850
51707360
33781452
162693771
120439079
106909677
106446298
111821626
39385373
47594445
17238035
77196815
79080073
79180403
113049444
99128780
103168327
36662625
117632874
36934167
137448631
58674526
97227870
56771075
47888668
76432329
7605305
100269675
41957279
17228530
79181933
58432750
116944231
55330236
90783621
31570139
79248744
47704297
9857106
36920167
64019696
20377306
76488617
70291611
54161323
53538330
102907145
32819247
47921459
21589612
28379822
9219619
108802576
9850578
1785723
91496171
44304512
45571683
2473758
84508078
62560989
232782506
19161089
46944506
16426116
168878626
53837588
79601282
59374346
100153076
70780141
4519562
75658510
265985
56070074
60321867
35728417
76434677
113865419
110787061
63794655
165625001
29544944
4005929
1240037
65876640
85314052
67613895
79117120
36307265
122184183
36396639
31424448
169980485
85556764
8823009
19069366
122741557
1914040
47921459
21589612
88581904
62125513
96947977
56433923
14214926
85857240
92879236
63454092
36337917
36666398
90441127
107989085
3380246
55956900
29754372
4404539
64050447
114862
24006198
100298225
36351079
92160939
51045516
60879200
11051300
85185478
38277357
66682937
65275667
171065764
79569859
114118805
49226261
14907441
24218624
5616735
33792993
77457484
53553972
51707302
7524021
41841537
85448856
109517110
100302103
41887652
38307006
66987616
118858080
21633680
21633680
121126341
29002301
91211972
33980572
93807518
51190761
110605491
79025225
92650277
98043679
100239349
105057728
80459029
97709892
65972635
107026829
168574022
88458553
9850578
37419025
45144491
44579470
9424138
100114026
96813396
44529753
29558386
108898602
30868270
92714922
11879749
62776395
14978699
79315300
14769315
79559966
51692186
74640374
40164873
69609975
29540305
85863275
8576941
12556841
32309016
67093425
228604752
228604752
134474597
146191558
86239013
73503137
32031246
58812050
32098466
63596536
9251090
56338469
47888668
8196901
8719184
6332373
31570139
31997923
8967165
56385313
85314052
32131643
32910140
79471553
79083538
29469816
32238977
51821378
18557241
65197822
73228942
1785723
79187808
78235811
78288791
71553587
53621986
36076381
26507858
81739294
68954793
79292739
92927698
44300847
91270953
66468823
31408182
44538574
11697607
64930200
35722395
37030532
43084476
19150743
23057040
84508078
84024266
47706211
102205697
250481644
79204003
120235060
112446154
21514181
23867407
102771188
29512131
238968
59793000
79558451
117373845
162194895
46974275
150638554
15972535
46232674
21919704
102597108
21448567
34581249
65948475
41634665
21453807
46232674
17055180
85927658
43658035
84050401
69806676
46922854
27914763
72568906
79180403
11795513
46239152
80815571
79566460
10765083
57912804
51107982
75685783
48630698
92241870
34535824
119639826
15479878
41907871
265985
28452353
268591582
137448631
24221613
11452411
92796712
77929683
79470130
79159892
121258408
97615503
75716982
79181933
112052206
26849263
28920263
33791639
116375224
96782698
40276660
100955140
101086129
46341683
167568568
167568568
160629702
228413926
103666874
16564619
107908648
4404539
6824030
64005683
31995203
97749233
46804375
102450179
92787346
48388722
79569859
20928931
30974387
114118805
14907441
51821378
53553972
104636300
27068921
109785773
7524021
12304119
41841537
25413300
113595381
38307006
13630660
16247212
61760078
7387603
98174045
90674010
51190761
15478892
105057728
49228514
80459029
97709892
15808796
74956692
20576
42202447
27121919
77726533
74361958
85645617
93878649
44420349
85830150
104019119
92896179
91381747
64044753
27287382
75714156
11024961
113891129
44538574
66468765
11695383
2546475
66778591
22446872
2057676
172046100
56609248
72204221
120612973
54995093
2579508
27062769
85366831
79097759
97909488
40164873
29540305
120202957
102205697
27267656
92752529
112446154
47551590
71455328
22276968
88383228
15905208
4509124
61642660
35879931
59326092
61227903
57838150
2158015
2158015
101752435
16220166
11051300
9337564
51821378
51821378
27072443
37152089
22594111
98174045
72864736
114328115
92661130
85807555
108798167
15069047
22146540
85932912
118371730
72204221
72204221
56826697
85594239
46771767
85359279
69090107
10765083
57912804
115049141
34535824
47089142
85815968
73868896
171062791
84114568
25272871
36930625
74395903
58674526
76456606
27090921
47888668
35645591
19698456
75716982
69661463
269345889
79496178
165625001
2625803
85137676
202838864
32819247
160629702
1918723
91622214
228413926
65672561
